  38  77   
  27  78   
  49  79   
  37  80   
  48  81   
  36  82   
  18  83   
  38  84   
  34  85   
  54  86   
  44  87   
  53  88   
  35  89   
  17  90   
  40  91   
  49  92   
  39  93   
  51  94   
  45  95   
  35  96   
  36  97   
  49  98   
  51  99   
  37 100   
  54 101   
  56 102   
   2 103   
  24 104   
   5 105   
  25 106   
  36 107   
  22 108   
  45 109   
  38 110   
   6 111   
  34 112   
  35 113   
  20 114   
  27 115   
  31 116   
  40 117   
  30 118   
  76 119   
  70 120   
  69 121   
  66 122   
  54 123   
  74 124   
  56 125   
  37 126   
  68 127   
  53 128   
  73 129   
  48 130   
  67 131   
  72 132   
  39 133   
  18 134   
  44 135   
  17 136   
   1 137   
  14 138   
   3 139   
  15 140   
  12 141   
   4 142   
   8 143   
   9 144   
   7 145   























































































































































































































































































































































































































































































































































































































































































































































































































































































































































































































































































































